50
0
49
0 9 10
0 37 10
0 39 6
1 20 0
1 45 7
2 11 1
2 22 9
2 35 -2
3 2 0
3 5 5
3 36 9
4 17 10
4 26 0
4 29 5
5 19 3
5 26 2
5 47 1
6 10 5
6 15 2
6 36 6
7 1 6
7 20 10
7 47 8
8 4 7
8 16 0
8 31 3
9 7 3
9 17 1
9 45 3
10 3 5
10 8 7
10 12 0
11 6 5
11 9 10
11 26 7
12 13 6
12 38 9
12 46 7
13 33 9
13 38 5
13 40 9
14 13 8
14 29 4
14 44 9
15 0 0
15 19 -2
15 24 -2
16 6 3
16 22 10
16 34 3
17 24 3
17 35 8
17 38 0
18 8 0
18 43 0
18 47 0
19 1 4
19 11 -1
19 43 1
20 18 3
20 25 6
20 43 0
21 20 7
21 37 6
21 48 -2
22 2 10
22 23 -1
22 42 1
23 32 7
23 46 2
24 2 -1
24 21 3
24 41 6
25 4 7
25 22 9
25 29 0
26 28 -2
26 30 7
26 33 8
27 13 7
27 36 -2
27 41 1
28 31 1
28 34 0
28 40 3
29 18 3
29 44 8
30 16 4
30 31 1
30 46 5
31 11 0
31 21 10
31 39 10
32 14 9
32 19 0
32 28 9
33 15 7
33 27 3
33 30 0
34 3 -1
34 10 2
34 37 5
35 5 8
35 23 0
35 39 9
36 3 5
36 12 7
36 34 10
37 5 10
37 7 8
37 14 -1
38 9 3
38 14 4
38 42 9
39 0 9
39 24 5
39 27 2
40 17 2
40 41 0
40 48 4
41 21 1
41 23 3
41 32 9
42 1 0
42 6 3
42 28 -2
43 10 -1
43 25 0
43 48 9
44 8 10
44 27 3
44 42 7
45 0 -2
45 4 5
45 44 -2
46 7 4
46 33 3
46 45 9
47 16 5
47 32 -1
47 40 0
48 15 6
48 25 3
48 35 8
49 12 5
49 18 6
49 30 10.
