100
0
99
0 9 1
0 39 6
0 41 -7
0 75 -5
0 80 6
1 17 -5
1 26 6
1 36 4
1 39 6
1 88 3
2 9 2
2 41 5
2 81 -3
2 84 -9
2 87 6
3 23 10
3 62 -2
3 64 -7
3 69 4
3 74 -7
4 24 -4
4 27 4
4 30 0
4 36 6
4 47 5
5 22 -4
5 55 -9
5 78 -7
5 90 -8
5 91 10
6 18 3
6 37 0
6 38 -8
6 71 -3
6 93 5
7 37 9
7 46 1
7 51 -9
7 72 -9
7 93 5
8 7 -6
8 45 9
8 68 10
8 74 1
8 80 -1
9 57 -8
9 64 6
9 65 5
9 66 1
9 93 -2
10 19 9
10 22 -3
10 35 -4
10 58 -6
10 66 0
11 59 4
11 78 10
11 88 -2
11 95 3
11 99 3
12 26 3
12 42 6
12 49 8
12 95 -1
12 96 7
13 0 6
13 11 -7
13 20 0
13 36 -5
13 41 6
14 0 -8
14 1 3
14 6 1
14 34 0
14 57 0
15 16 2
15 20 0
15 21 -4
15 71 -3
15 80 0
16 11 -6
16 44 10
16 69 -1
16 74 9
16 83 8
17 0 -5
17 13 -5
17 15 9
17 43 7
17 46 -5
18 8 -4
18 12 6
18 34 6
18 35 4
18 70 -3
19 6 6
19 20 -5
19 52 -7
19 63 8
19 98 3
20 1 3
20 6 -8
20 8 1
20 31 10
20 83 2
21 9 9
21 11 1
21 41 -2
21 59 -5
21 66 -3
22 16 0
22 48 5
22 58 9
22 66 -9
22 97 -9
23 2 0
23 3 -8
23 27 -9
23 79 -4
23 97 8
24 15 -9
24 21 8
24 35 2
24 46 1
24 92 6
25 3 -3
25 13 0
25 43 -8
25 64 -6
25 65 1
26 14 4
26 16 4
26 49 5
26 88 0
26 92 -6
27 30 3
27 46 6
27 52 8
27 61 10
27 82 -3
28 5 0
28 33 5
28 60 -7
28 64 9
28 90 8
29 47 -2
29 54 6
29 60 3
29 76 2
29 97 4
30 15 9
30 26 0
30 43 -4
30 45 0
30 73 -4
31 5 -3
31 24 -7
31 35 5
31 54 -4
31 85 0
32 27 -5
32 31 7
32 62 6
32 77 -7
32 91 4
33 2 8
33 25 -6
33 53 -3
33 60 6
33 83 -2
34 6 10
34 12 10
34 39 0
34 94 -8
34 99 6
35 4 6
35 7 -8
35 39 6
35 63 -3
35 78 9
36 7 9
36 16 0
36 24 -9
36 40 5
36 41 1
37 0 5
37 19 -7
37 25 9
37 30 -4
37 82 1
38 10 -4
38 21 7
38 65 9
38 71 -6
38 89 5
39 10 5
39 20 -2
39 28 6
39 52 8
39 93 -1
40 1 8
40 9 -2
40 20 -2
40 26 -4
40 63 3
41 4 3
41 11 -1
41 23 -4
41 61 0
41 70 6
42 30 -2
42 53 5
42 77 -8
42 81 -1
42 92 5
43 38 9
43 42 -3
43 65 -9
43 86 -4
43 89 7
44 48 0
44 51 0
44 76 6
44 79 -5
44 84 0
45 39 -7
45 42 5
45 53 9
45 89 7
45 90 9
46 15 -3
46 32 -8
46 57 4
46 79 3
46 87 -2
47 28 8
47 48 10
47 53 -8
47 78 0
47 82 -9
48 12 0
48 69 2
48 90 -6
48 94 -2
48 98 5
49 0 1
49 10 9
49 13 9
49 31 5
49 38 5
50 14 -1
50 29 -5
50 33 8
50 64 -2
50 99 -5
51 21 -3
51 32 1
51 83 0
51 84 -2
51 87 -6
52 19 3
52 28 7
52 34 -4
52 73 -9
52 79 0
53 13 -5
53 17 8
53 21 -4
53 67 3
53 91 -6
54 42 10
54 44 -9
54 60 -5
54 61 2
54 96 -5
55 29 8
55 40 9
55 57 -7
55 60 8
55 63 8
56 8 0
56 29 -3
56 35 6
56 45 -9
56 54 1
57 1 -6
57 28 9
57 56 10
57 75 2
57 98 10
58 4 7
58 19 10
58 72 -9
58 88 -8
58 97 1
59 10 -5
59 14 6
59 33 -8
59 69 -3
59 90 -5
60 8 -9
60 47 -3
60 67 10
60 85 -9
60 96 -3
61 8 1
61 29 -9
61 50 -5
61 62 -3
61 70 10
62 3 -1
62 23 -7
62 68 0
62 97 2
62 98 0
63 3 3
63 29 5
63 55 -6
63 56 -4
63 73 -6
64 6 -5
64 23 -4
64 38 -7
64 55 8
64 76 -7
65 5 0
65 22 5
65 44 5
65 92 -9
65 99 -5
66 4 1
66 19 5
66 24 -7
66 43 -6
66 86 1
67 12 -3
67 51 1
67 56 -2
67 72 2
67 77 1
68 17 9
68 45 5
68 49 4
68 63 -4
68 84 10
69 5 10
69 24 4
69 31 7
69 58 -4
69 92 -8
70 40 4
70 50 5
70 51 8
70 54 2
70 67 3
71 18 -4
71 22 0
71 23 -2
71 25 -1
71 32 -3
72 2 0
72 7 7
72 34 7
72 69 -1
72 75 -6
73 26 -9
73 50 -5
73 56 3
73 82 -6
73 96 1
74 17 4
74 40 -7
74 48 0
74 52 -9
74 56 6
75 30 4
75 37 4
75 38 8
75 57 0
75 76 10
76 43 2
76 46 -9
76 49 -8
76 72 4
76 91 3
77 14 10
77 16 0
77 32 -7
77 59 8
77 68 8
78 58 7
78 61 10
78 80 -3
78 86 8
78 94 9
79 7 -8
79 40 -7
79 48 -8
79 71 3
79 98 2
80 2 10
80 27 10
80 32 5
80 85 0
80 89 6
81 12 -2
81 50 -5
81 55 0
81 62 10
81 67 10
82 9 4
82 54 0
82 61 -5
82 79 6
82 81 -2
83 50 0
83 59 4
83 65 -4
83 72 0
83 85 3
84 2 0
84 25 7
84 36 -7
84 62 9
84 77 8
85 14 2
85 17 -5
85 47 -9
85 55 3
85 70 7
86 5 3
86 22 10
86 74 -5
86 75 4
86 83 3
87 36 -2
87 42 1
87 45 -1
87 53 -7
87 81 -2
88 34 1
88 70 -2
88 73 0
88 75 -2
88 76 8
89 1 10
89 37 -9
89 52 -9
89 87 0
89 94 3
90 31 -8
90 66 3
90 84 2
90 94 5
90 95 1
91 68 -9
91 73 2
91 74 1
91 77 -4
91 87 1
92 18 1
92 25 2
92 89 7
92 91 0
92 95 -4
93 4 3
93 33 5
93 44 6
93 67 -7
93 68 8
94 18 -5
94 33 1
94 59 4
94 80 -8
94 85 7
95 13 -9
95 47 7
95 78 -5
95 93 -7
95 96 -8
96 15 -9
96 49 9
96 82 -1
96 86 -9
96 88 -3
97 28 -8
97 44 -5
97 81 -2
97 86 -2
97 99 -9
98 3 4
98 10 7
98 11 -6
98 37 8
98 58 10
99 18 -6
99 27 -6
99 51 5
99 71 -4
99 95 -2.
