200
0
199
0 0 11
0 7 17
0 36 1
0 109 20
0 111 20
0 114 1
0 151 15
0 152 19
0 168 17
0 193 18
1 6 6
1 13 8
1 37 1
1 41 10
1 62 6
1 82 19
1 113 1
1 122 13
1 122 9
1 157 4
2 58 16
2 67 20
2 93 15
2 102 14
2 104 3
2 105 19
2 131 8
2 148 15
2 154 15
2 162 14
3 26 10
3 29 1
3 45 18
3 61 4
3 81 20
3 94 12
3 115 16
3 124 13
3 155 13
3 195 15
4 14 9
4 15 15
4 54 4
4 57 11
4 119 12
4 126 6
4 127 11
4 138 15
4 185 20
4 189 3
5 17 11
5 20 2
5 36 9
5 38 20
5 120 5
5 126 16
5 130 6
5 163 11
5 164 2
5 164 18
6 15 3
6 18 1
6 20 20
6 54 1
6 57 9
6 57 10
6 134 15
6 156 9
6 169 10
6 177 17
7 15 15
7 21 3
7 28 7
7 32 17
7 39 2
7 78 14
7 87 1
7 120 13
7 146 20
7 177 3
8 0 6
8 30 11
8 59 12
8 81 12
8 103 2
8 112 5
8 151 14
8 160 15
8 168 7
8 181 11
9 9 7
9 24 9
9 28 5
9 45 10
9 147 15
9 159 7
9 175 11
9 185 12
9 185 1
9 187 9
10 7 1
10 34 2
10 37 16
10 53 18
10 79 16
10 104 5
10 142 7
10 142 7
10 164 5
10 168 16
11 39 10
11 44 2
11 81 8
11 97 13
11 107 17
11 113 8
11 148 4
11 154 8
11 161 18
11 198 5
12 52 4
12 88 12
12 115 16
12 124 9
12 125 16
12 141 4
12 143 13
12 155 14
12 186 17
12 186 18
13 44 14
13 46 8
13 83 4
13 109 3
13 123 17
13 125 7
13 126 7
13 152 3
13 176 14
13 184 17
14 28 5
14 45 8
14 50 11
14 113 15
14 153 17
14 155 12
14 161 20
14 163 17
14 178 13
14 180 7
15 9 1
15 14 15
15 53 14
15 71 11
15 93 13
15 94 2
15 125 9
15 129 8
15 131 5
15 179 9
16 4 6
16 6 8
16 43 4
16 43 15
16 86 15
16 109 8
16 118 12
16 135 16
16 151 14
16 169 1
17 2 20
17 15 7
17 77 17
17 86 3
17 106 14
17 133 10
17 136 17
17 178 3
17 180 5
17 199 15
18 33 12
18 36 4
18 80 4
18 118 13
18 127 7
18 137 17
18 151 15
18 151 11
18 159 14
18 184 7
19 1 3
19 30 14
19 35 4
19 48 12
19 51 13
19 52 9
19 62 3
19 93 9
19 134 6
19 136 2
20 41 14
20 76 9
20 97 5
20 99 6
20 108 1
20 121 12
20 168 10
20 170 7
20 179 9
20 186 11
21 24 20
21 30 6
21 77 18
21 80 11
21 91 13
21 102 6
21 105 8
21 117 6
21 131 14
21 197 2
22 19 14
22 32 7
22 87 10
22 88 9
22 92 17
22 98 2
22 106 19
22 107 18
22 120 10
22 199 1
23 43 4
23 48 6
23 62 2
23 66 7
23 89 19
23 122 9
23 135 7
23 179 7
23 194 2
23 199 13
24 24 9
24 37 6
24 42 20
24 68 14
24 90 3
24 105 20
24 148 19
24 176 4
24 177 13
24 188 6
25 15 3
25 27 20
25 71 6
25 79 3
25 84 1
25 101 18
25 113 19
25 122 17
25 167 9
25 182 8
26 8 2
26 24 14
26 34 16
26 94 20
26 101 19
26 115 1
26 182 14
26 186 16
26 191 6
26 198 6
27 4 2
27 9 14
27 16 5
27 31 4
27 43 17
27 51 10
27 69 15
27 110 1
27 133 3
27 177 6
28 3 7
28 17 12
28 33 11
28 97 18
28 107 14
28 119 9
28 133 5
28 142 11
28 143 10
28 165 5
29 1 14
29 38 17
29 55 3
29 88 20
29 89 20
29 118 9
29 123 3
29 126 17
29 172 16
29 177 3
30 7 16
30 12 13
30 23 2
30 63 13
30 66 4
30 107 6
30 118 20
30 141 8
30 143 12
30 186 20
31 14 13
31 23 7
31 26 9
31 28 9
31 39 9
31 40 2
31 64 10
31 78 6
31 149 10
31 185 1
32 4 11
32 20 3
32 21 10
32 48 8
32 72 5
32 101 2
32 102 8
32 145 7
32 150 17
32 151 11
33 30 12
33 73 12
33 78 5
33 97 8
33 130 5
33 141 3
33 147 1
33 159 12
33 181 5
33 184 1
34 5 17
34 11 12
34 12 13
34 61 19
34 146 2
34 147 14
34 147 12
34 163 16
34 179 8
34 193 1
35 5 7
35 98 5
35 99 17
35 99 8
35 126 16
35 143 9
35 158 13
35 162 3
35 171 16
35 176 19
36 11 7
36 39 13
36 40 11
36 59 6
36 65 10
36 70 9
36 87 4
36 95 4
36 121 1
36 160 12
37 42 18
37 43 7
37 60 18
37 91 10
37 153 10
37 158 1
37 187 3
37 188 5
37 190 7
37 194 19
38 24 3
38 70 16
38 89 6
38 90 3
38 120 2
38 121 8
38 135 4
38 141 2
38 151 20
38 175 17
39 8 19
39 18 19
39 25 19
39 55 2
39 75 16
39 108 6
39 116 20
39 134 12
39 161 6
39 191 18
40 6 15
40 8 15
40 13 16
40 19 16
40 51 8
40 64 19
40 84 19
40 159 4
40 161 6
40 189 4
41 4 17
41 35 11
41 52 6
41 77 15
41 77 5
41 85 14
41 100 8
41 175 17
41 184 12
41 188 16
42 6 9
42 17 4
42 62 10
42 74 14
42 76 2
42 124 10
42 132 8
42 174 12
42 189 8
42 190 7
43 10 17
43 48 14
43 75 18
43 75 13
43 82 19
43 82 2
43 148 13
43 151 1
43 156 13
43 164 14
44 29 8
44 58 8
44 59 3
44 66 5
44 150 12
44 160 6
44 179 19
44 188 15
44 190 19
44 199 10
45 46 17
45 63 16
45 72 12
45 74 10
45 79 15
45 81 11
45 81 19
45 119 16
45 149 8
45 181 6
46 16 19
46 31 3
46 50 15
46 63 1
46 91 17
46 116 19
46 136 14
46 138 17
46 147 5
46 165 15
47 18 11
47 40 13
47 47 2
47 58 1
47 71 3
47 72 15
47 117 18
47 121 2
47 160 12
47 191 4
48 41 17
48 42 16
48 49 7
48 54 5
48 59 14
48 59 4
48 99 12
48 152 12
48 188 14
48 197 5
49 5 19
49 19 13
49 24 11
49 39 9
49 45 1
49 63 12
49 92 13
49 113 2
49 139 10
49 178 1
50 8 8
50 20 2
50 48 15
50 49 12
50 79 18
50 109 19
50 129 12
50 143 9
50 178 6
50 183 11
51 5 6
51 36 5
51 90 14
51 99 20
51 107 1
51 118 10
51 131 4
51 140 7
51 155 9
51 173 16
52 41 13
52 42 8
52 44 20
52 74 15
52 107 4
52 139 9
52 155 15
52 165 10
52 172 1
52 177 6
53 0 12
53 10 4
53 58 9
53 86 7
53 86 9
53 107 15
53 138 17
53 159 3
53 166 11
53 190 4
54 5 2
54 20 11
54 27 11
54 29 19
54 74 14
54 86 20
54 101 13
54 105 6
54 156 19
54 172 11
55 19 17
55 35 4
55 55 8
55 56 8
55 87 14
55 129 17
55 135 20
55 144 1
55 178 4
55 189 11
56 2 19
56 40 8
56 71 13
56 80 9
56 109 3
56 146 1
56 154 8
56 156 5
56 170 5
56 180 17
57 1 16
57 8 3
57 30 16
57 31 20
57 60 17
57 84 20
57 140 9
57 142 3
57 152 18
57 188 7
58 33 4
58 34 3
58 45 13
58 53 9
58 56 12
58 76 17
58 84 12
58 178 1
58 183 15
58 196 4
59 51 18
59 60 17
59 61 18
59 74 18
59 84 9
59 110 13
59 174 13
59 179 10
59 185 5
59 190 7
60 33 3
60 57 2
60 82 18
60 110 17
60 113 7
60 137 8
60 144 8
60 160 17
60 165 3
60 167 20
61 9 4
61 17 20
61 56 7
61 85 5
61 88 8
61 118 2
61 158 9
61 167 3
61 180 2
61 197 9
62 20 20
62 44 3
62 76 15
62 107 2
62 124 7
62 168 8
62 187 2
62 187 14
62 191 13
62 196 18
63 8 1
63 21 2
63 38 10
63 39 13
63 55 5
63 84 8
63 95 20
63 123 1
63 174 18
63 176 9
64 10 10
64 38 16
64 42 8
64 62 20
64 78 17
64 96 6
64 112 18
64 144 12
64 164 14
64 173 2
65 1 6
65 4 1
65 14 6
65 46 10
65 52 5
65 61 8
65 84 6
65 95 4
65 103 18
65 162 6
66 0 17
66 6 3
66 32 17
66 33 18
66 40 17
66 77 17
66 77 12
66 112 8
66 121 9
66 198 1
67 7 5
67 52 1
67 65 16
67 72 5
67 138 11
67 146 2
67 146 4
67 162 12
67 171 20
67 194 8
68 8 5
68 49 17
68 72 4
68 79 18
68 100 5
68 104 6
68 112 12
68 125 12
68 148 20
68 199 5
69 59 1
69 78 1
69 100 3
69 108 6
69 136 20
69 143 15
69 157 15
69 166 6
69 193 9
69 196 2
70 16 16
70 21 4
70 22 19
70 44 19
70 99 19
70 124 15
70 138 6
70 142 20
70 157 8
70 189 2
71 7 7
71 31 8
71 46 9
71 64 15
71 92 12
71 94 12
71 94 13
71 95 15
71 99 2
71 153 13
72 14 6
72 20 12
72 52 13
72 66 3
72 80 13
72 108 5
72 114 13
72 163 10
72 167 18
72 198 9
73 48 10
73 55 4
73 60 7
73 65 18
73 67 5
73 92 12
73 102 3
73 149 13
73 160 15
73 188 15
74 17 12
74 96 13
74 120 7
74 120 5
74 125 14
74 128 6
74 129 13
74 145 7
74 163 2
74 166 11
75 47 4
75 87 5
75 88 20
75 106 5
75 112 1
75 119 1
75 153 1
75 174 18
75 176 20
75 197 3
76 9 18
76 33 5
76 55 20
76 60 2
76 64 2
76 85 18
76 115 8
76 149 20
76 160 17
76 192 18
77 32 9
77 36 14
77 85 7
77 90 15
77 90 3
77 99 10
77 114 8
77 128 15
77 137 11
77 154 5
78 32 1
78 37 16
78 58 8
78 60 1
78 66 8
78 80 15
78 108 13
78 139 9
78 192 8
78 198 7
79 0 4
79 2 17
79 12 16
79 22 18
79 77 12
79 116 17
79 129 3
79 130 7
79 157 3
79 172 1
80 3 16
80 28 15
80 36 14
80 68 4
80 85 16
80 97 14
80 102 18
80 111 7
80 157 17
80 180 7
81 47 9
81 57 11
81 68 2
81 76 1
81 76 17
81 83 6
81 114 17
81 116 10
81 125 13
81 156 6
82 13 5
82 29 10
82 31 2
82 37 19
82 100 2
82 104 17
82 126 2
82 140 14
82 144 10
82 195 14
83 3 17
83 59 16
83 110 12
83 121 6
83 133 8
83 135 19
83 141 8
83 141 3
83 161 11
83 169 13
84 44 19
84 68 12
84 86 1
84 127 3
84 154 3
84 163 19
84 164 16
84 177 17
84 182 13
84 195 2
85 1 18
85 15 18
85 29 18
85 44 9
85 66 1
85 119 7
85 155 13
85 171 4
85 173 14
85 188 7
86 2 5
86 6 15
86 24 20
86 25 10
86 26 12
86 101 6
86 114 11
86 130 4
86 166 13
86 171 11
87 0 14
87 37 13
87 60 15
87 65 19
87 85 11
87 90 2
87 145 1
87 167 13
87 172 9
87 187 6
88 27 2
88 48 3
88 68 19
88 79 2
88 115 11
88 132 2
88 136 11
88 162 15
88 169 1
88 170 14
89 2 13
89 26 16
89 27 10
89 34 2
89 37 16
89 68 4
89 85 15
89 129 15
89 131 4
89 169 1
90 9 10
90 42 8
90 50 16
90 90 18
90 94 11
90 96 15
90 115 20
90 117 8
90 154 11
90 173 3
91 7 10
91 10 1
91 14 12
91 23 6
91 68 14
91 75 15
91 91 18
91 134 14
91 139 5
91 159 19
92 11 7
92 24 19
92 31 8
92 54 8
92 70 8
92 93 11
92 111 14
92 131 5
92 171 4
92 185 8
93 11 10
93 18 2
93 19 18
93 65 14
93 69 18
93 93 8
93 98 18
93 99 20
93 173 9
93 188 13
94 4 20
94 6 4
94 9 17
94 16 7
94 85 16
94 112 6
94 124 7
94 175 17
94 193 13
94 195 9
95 20 12
95 22 16
95 42 18
95 45 6
95 83 10
95 110 20
95 120 2
95 126 17
95 150 3
95 155 4
96 1 3
96 5 1
96 12 19
96 29 8
96 32 5
96 46 8
96 80 17
96 92 20
96 142 8
96 180 6
97 1 7
97 18 8
97 19 3
97 50 12
97 133 1
97 144 16
97 159 16
97 172 4
97 189 5
97 195 18
98 2 5
98 89 8
98 106 8
98 117 1
98 129 6
98 147 12
98 150 11
98 153 19
98 171 12
98 181 13
99 16 10
99 61 1
99 75 6
99 89 9
99 98 4
99 105 15
99 106 15
99 151 5
99 173 5
99 182 17
100 51 18
100 89 19
100 101 15
100 114 8
100 117 8
100 120 1
100 122 1
100 123 3
100 166 18
100 186 6
101 22 12
101 39 6
101 63 4
101 67 13
101 106 9
101 130 11
101 172 19
101 187 13
101 189 3
101 198 19
102 5 6
102 49 18
102 58 4
102 73 8
102 95 13
102 97 12
102 165 12
102 169 17
102 184 16
102 195 8
103 23 7
103 25 13
103 25 8
103 69 19
103 122 6
103 128 18
103 132 1
103 151 5
103 181 4
103 189 4
104 32 10
104 41 5
104 85 17
104 93 6
104 96 14
104 103 10
104 111 15
104 130 10
104 166 4
104 192 2
105 5 5
105 22 16
105 25 19
105 35 6
105 50 12
105 62 13
105 105 3
105 138 14
105 149 7
105 186 16
106 30 3
106 34 11
106 36 10
106 44 4
106 70 14
106 88 3
106 100 17
106 114 13
106 150 4
106 194 17
107 26 10
107 27 13
107 55 13
107 74 8
107 77 6
107 90 16
107 140 13
107 168 11
107 192 10
107 195 7
108 15 18
108 31 11
108 36 9
108 38 9
108 51 7
108 56 3
108 110 13
108 127 12
108 136 15
108 179 16
109 23 1
109 80 7
109 82 14
109 110 15
109 116 17
109 129 7
109 134 17
109 137 5
109 140 11
109 165 15
110 10 18
110 16 12
110 45 20
110 73 3
110 93 9
110 96 15
110 115 19
110 141 16
110 153 15
110 155 17
111 4 3
111 18 4
111 22 16
111 44 11
111 71 11
111 90 2
111 111 17
111 123 17
111 134 20
111 197 6
112 3 3
112 29 18
112 41 6
112 41 17
112 43 4
112 74 6
112 87 1
112 150 3
112 164 6
112 168 4
113 9 8
113 22 2
113 69 5
113 81 5
113 83 7
113 119 4
113 129 6
113 144 16
113 144 19
113 182 17
114 41 9
114 87 3
114 95 7
114 106 9
114 130 5
114 135 19
114 154 18
114 161 12
114 187 8
114 194 1
115 1 13
115 7 2
115 18 4
115 23 7
115 121 18
115 144 15
115 152 8
115 162 19
115 178 3
115 180 12
116 13 13
116 62 12
116 100 1
116 123 15
116 138 10
116 139 2
116 170 18
116 181 2
116 191 9
116 195 3
117 30 19
117 60 15
117 73 2
117 73 20
117 82 20
117 91 7
117 132 20
117 154 6
117 168 2
117 176 1
118 22 20
118 23 20
118 32 18
118 42 3
118 49 11
118 68 12
118 73 9
118 112 7
118 171 13
118 184 6
119 18 19
119 28 3
119 49 2
119 57 8
119 58 7
119 75 14
119 83 10
119 92 13
119 98 6
119 174 18
120 11 17
120 61 12
120 65 16
120 83 8
120 128 8
120 130 2
120 133 5
120 140 6
120 140 3
120 196 6
121 52 8
121 101 19
121 114 8
121 139 1
121 147 3
121 149 3
121 159 19
121 174 20
121 183 2
121 196 2
122 4 9
122 53 17
122 76 13
122 78 19
122 116 6
122 120 19
122 144 18
122 167 10
122 174 18
122 176 4
123 33 4
123 36 5
123 53 2
123 65 1
123 69 6
123 103 19
123 163 16
123 172 14
123 193 2
123 196 3
124 21 18
124 34 5
124 72 20
124 75 17
124 94 3
124 100 20
124 103 12
124 133 18
124 136 20
124 138 11
125 19 10
125 27 4
125 69 18
125 103 8
125 104 9
125 136 2
125 142 4
125 143 3
125 156 13
125 195 5
126 32 20
126 47 11
126 67 12
126 80 13
126 104 10
126 119 10
126 130 1
126 132 7
126 165 7
126 181 4
127 47 14
127 51 20
127 51 20
127 59 10
127 97 20
127 98 14
127 109 14
127 111 9
127 139 20
127 173 8
128 16 9
128 23 2
128 48 2
128 50 15
128 54 5
128 135 15
128 149 2
128 167 1
128 183 8
128 192 7
129 21 5
129 33 16
129 58 20
129 86 4
129 112 18
129 127 5
129 139 11
129 175 3
129 187 1
129 189 14
130 6 12
130 17 1
130 89 9
130 145 19
130 152 6
130 158 2
130 177 10
130 181 14
130 182 13
130 194 15
131 12 18
131 82 16
131 84 1
131 115 20
131 146 6
131 148 10
131 165 13
131 181 12
131 183 20
131 192 13
132 21 10
132 24 9
132 47 7
132 88 2
132 91 3
132 101 7
132 103 1
132 104 11
132 135 16
132 167 4
133 19 16
133 28 1
133 35 12
133 61 3
133 113 4
133 114 17
133 131 12
133 135 20
133 170 15
133 190 8
134 16 4
134 87 20
134 101 17
134 109 16
134 116 12
134 117 14
134 132 18
134 166 10
134 174 11
134 191 1
135 9 3
135 10 18
135 29 20
135 128 11
135 128 6
135 131 4
135 153 9
135 170 16
135 173 13
135 192 14
136 7 3
136 38 5
136 40 3
136 40 12
136 63 6
136 73 6
136 88 17
136 174 3
136 196 5
136 198 15
137 38 11
137 54 11
137 70 11
137 112 2
137 128 16
137 134 12
137 138 2
137 149 19
137 190 20
137 196 13
138 13 8
138 15 1
138 25 5
138 26 14
138 35 15
138 45 20
138 139 16
138 152 18
138 186 19
138 193 4
139 7 12
139 10 3
139 21 16
139 26 18
139 48 4
139 64 20
139 80 13
139 83 3
139 99 19
139 127 9
140 10 7
140 39 10
140 58 3
140 104 14
140 113 6
140 125 20
140 168 2
140 170 11
140 171 17
140 194 9
141 65 19
141 82 11
141 91 4
141 94 1
141 96 9
141 105 15
141 124 4
141 158 8
141 160 5
141 173 9
142 6 5
142 27 5
142 40 19
142 63 20
142 97 11
142 127 12
142 149 5
142 165 6
142 178 15
142 183 3
143 31 1
143 53 5
143 64 14
143 71 6
143 116 20
143 119 6
143 134 15
143 136 18
143 176 15
143 182 7
144 23 2
144 75 1
144 88 20
144 97 19
144 101 4
144 104 18
144 111 15
144 133 12
144 145 13
144 163 19
145 22 7
145 67 13
145 75 10
145 92 7
145 100 3
145 137 5
145 137 6
145 145 8
145 177 12
145 191 20
146 11 15
146 13 16
146 41 9
146 56 20
146 81 16
146 94 1
146 94 8
146 117 19
146 183 16
146 188 5
147 14 12
147 27 12
147 34 5
147 53 3
147 67 16
147 70 20
147 73 6
147 96 11
147 107 11
147 176 15
148 22 4
148 57 13
148 91 3
148 98 10
148 107 6
148 110 20
148 157 17
148 185 19
148 187 4
148 192 4
149 12 17
149 14 20
149 38 4
149 39 13
149 53 20
149 122 3
149 135 1
149 169 13
149 175 19
149 190 16
150 10 8
150 32 18
150 51 13
150 69 5
150 78 19
150 93 20
150 98 2
150 156 19
150 161 1
150 175 19
151 93 13
151 104 4
151 109 14
151 118 8
151 133 11
151 145 19
151 153 19
151 167 14
151 170 4
151 197 18
152 3 18
152 18 10
152 20 9
152 40 11
152 81 11
152 89 9
152 157 7
152 165 19
152 170 13
152 182 18
153 52 13
153 55 20
153 64 4
153 66 20
153 76 1
153 105 16
153 123 6
153 137 6
153 140 10
153 143 1
154 9 11
154 47 1
154 50 13
154 66 9
154 70 20
154 75 4
154 136 19
154 137 5
154 185 4
154 189 17
155 1 17
155 8 12
155 35 1
155 38 13
155 65 6
155 96 8
155 108 18
155 158 13
155 173 17
155 180 7
156 56 13
156 74 16
156 79 3
156 123 16
156 137 15
156 143 1
156 148 1
156 161 11
156 183 12
156 196 17
157 42 17
157 46 9
157 62 1
157 71 9
157 97 11
157 123 2
157 146 20
157 168 16
157 170 16
157 190 12
158 17 11
158 42 6
158 53 4
158 103 13
158 121 1
158 164 19
158 172 12
158 183 17
158 184 11
158 196 10
159 12 13
159 52 5
159 64 12
159 73 6
159 90 4
159 91 4
159 111 14
159 149 9
159 150 10
159 180 4
160 6 9
160 28 11
160 38 14
160 56 18
160 98 6
160 117 9
160 126 15
160 131 11
160 131 10
160 153 11
161 56 8
161 70 1
161 78 19
161 78 8
161 82 15
161 87 9
161 96 3
161 119 11
161 127 13
161 184 12
162 3 12
162 11 7
162 18 7
162 24 17
162 71 7
162 71 12
162 92 1
162 145 11
162 148 7
162 157 16
163 5 19
163 27 5
163 76 6
163 95 1
163 105 11
163 123 7
163 127 11
163 143 3
163 163 6
163 175 6
164 12 15
164 26 10
164 62 11
164 63 18
164 77 6
164 78 7
164 105 10
164 120 3
164 182 4
164 186 16
165 40 3
165 43 3
165 45 13
165 67 2
165 85 4
165 96 12
165 102 10
165 111 18
165 132 8
165 137 18
166 2 16
166 2 1
166 26 6
166 37 1
166 91 12
166 166 18
166 191 4
166 193 12
166 198 7
166 199 6
167 0 9
167 12 12
167 44 9
167 59 15
167 64 18
167 69 11
167 114 5
167 125 20
167 132 13
167 156 4
168 30 1
168 36 17
168 130 17
168 132 10
168 133 5
168 140 1
168 145 4
168 158 11
168 159 14
168 179 14
169 35 7
169 67 15
169 95 8
169 117 16
169 139 18
169 169 16
169 185 20
169 190 12
169 191 4
169 199 7
170 3 7
170 14 1
170 47 19
170 49 5
170 55 12
170 79 20
170 83 7
170 87 3
170 126 16
170 146 13
171 52 4
171 68 2
171 72 2
171 92 15
171 95 19
171 141 17
171 158 5
171 162 10
171 180 6
171 181 14
172 13 8
172 20 7
172 28 14
172 43 15
172 49 1
172 57 11
172 95 5
172 112 7
172 197 20
172 199 7
173 4 6
173 8 20
173 16 14
173 25 7
173 28 14
173 71 16
173 86 16
173 93 12
173 134 10
173 184 9
174 17 2
174 23 18
174 46 11
174 57 14
174 61 15
174 74 9
174 84 14
174 166 5
174 182 10
174 199 10
175 3 11
175 15 13
175 31 8
175 47 15
175 54 4
175 72 5
175 82 18
175 88 5
175 116 9
175 191 3
176 5 1
176 27 11
176 61 6
176 122 12
176 150 5
176 155 8
176 155 6
176 156 7
176 161 15
176 194 6
177 8 7
177 19 9
177 46 17
177 47 6
177 49 15
177 60 14
177 102 1
177 122 12
177 141 7
177 154 14
178 3 2
178 26 18
178 30 11
178 34 15
178 43 2
178 69 8
178 160 10
178 164 5
178 171 6
178 185 13
179 11 19
179 25 13
179 116 3
179 126 19
179 129 15
179 146 3
179 147 7
179 162 9
179 178 13
179 198 12
180 2 1
180 4 7
180 10 17
180 13 9
180 63 8
180 72 15
180 100 8
180 118 7
180 158 11
180 169 13
181 7 9
181 13 14
181 17 6
181 29 17
181 33 12
181 50 9
181 54 15
181 59 2
181 73 3
181 92 1
182 11 19
182 19 11
182 64 20
182 68 16
182 74 19
182 147 7
182 152 8
182 171 18
182 179 16
182 192 12
183 14 12
183 21 13
183 50 4
183 57 17
183 65 13
183 89 19
183 122 20
183 124 14
183 150 12
183 152 3
184 29 19
184 34 18
184 70 20
184 76 1
184 81 20
184 106 15
184 115 18
184 119 5
184 132 8
184 147 14
185 0 6
185 21 5
185 31 19
185 77 6
185 108 11
185 118 4
185 121 13
185 162 9
185 186 17
185 193 18
186 25 2
186 45 15
186 83 8
186 124 14
186 152 6
186 156 18
186 177 19
186 184 19
186 195 1
186 199 20
187 37 2
187 41 4
187 53 4
187 61 19
187 69 13
187 115 16
187 121 11
187 161 17
187 176 11
187 194 1
188 1 19
188 46 6
188 48 10
188 56 2
188 66 7
188 100 10
188 110 4
188 117 4
188 175 15
188 198 10
189 0 16
189 30 14
189 34 19
189 46 19
189 70 15
189 109 9
189 109 3
189 178 13
189 193 14
189 197 7
190 13 12
190 35 5
190 79 4
190 106 14
190 108 20
190 118 5
190 138 3
190 142 9
190 162 4
190 163 10
191 0 14
191 35 17
191 56 20
191 66 12
191 67 17
191 72 14
191 128 9
191 150 2
191 174 12
191 194 3
192 12 8
192 84 17
192 89 5
192 98 11
192 113 10
192 134 9
192 140 18
192 153 11
192 183 3
192 187 13
193 2 3
193 11 7
193 49 19
193 50 20
193 103 11
193 128 18
193 141 10
193 146 10
193 154 18
193 179 14
194 15 13
194 25 9
194 79 13
194 86 14
194 86 19
194 108 9
194 127 20
194 169 13
194 172 12
194 192 1
195 58 4
195 63 3
195 80 20
195 111 7
195 128 4
195 148 6
195 148 17
195 160 16
195 167 6
195 193 7
196 62 19
196 81 18
196 102 7
196 103 16
196 106 5
196 125 7
196 145 6
196 157 14
196 164 8
196 197 19
197 37 8
197 43 14
197 51 6
197 54 18
197 60 20
197 142 5
197 142 5
197 158 8
197 159 7
197 197 17
198 16 10
198 33 1
198 39 12
198 55 15
198 83 13
198 102 13
198 110 18
198 124 18
198 125 1
198 157 20
199 3 17
199 17 8
199 54 15
199 67 10
199 102 3
199 108 12
199 113 10
199 144 19
199 166 11
199 175 12.
