50
0
49
0 20 10
0 20 8
0 22 17
0 26 9
1 1 19
1 9 9
1 15 2
1 38 4
2 15 9
2 26 9
2 27 10
3 20 9
3 21 7
3 38 16
3 47 19
4 3 12
4 4 13
4 13 18
4 42 4
5 2 12
5 23 14
5 32 12
5 37 7
6 3 5
6 18 11
6 36 19
6 45 12
7 19 10
7 21 7
7 44 2
7 44 17
8 3 15
8 6 2
8 11 5
8 14 4
9 1 18
9 11 2
9 41 14
9 41 12
10 17 8
10 25 20
10 30 11
10 35 15
11 9 5
11 42 7
11 43 15
11 47 19
12 6 13
12 11 16
12 36 16
12 40 20
13 14 14
13 19 3
13 23 8
14 4 17
14 30 2
14 30 10
14 36 5
15 9 1
15 13 20
15 18 1
15 45 9
16 5 17
16 28 10
16 29 20
16 36 10
17 26 16
17 37 17
17 40 3
17 45 3
18 20 3
18 29 6
18 31 17
18 47 5
19 32 5
19 33 4
19 34 16
19 42 9
20 16 13
20 26 14
20 28 4
20 39 12
21 7 15
21 9 20
21 25 14
21 35 11
22 7 13
22 15 15
22 16 7
22 24 12
23 13 19
23 17 8
23 19 5
23 27 17
24 8 2
24 37 3
24 48 4
24 48 18
25 23 15
25 24 14
25 46 16
25 47 9
26 2 17
26 28 11
26 33 14
27 2 5
27 7 11
27 32 19
27 34 8
28 6 1
28 22 12
28 31 9
28 35 16
29 5 3
29 22 18
29 31 6
29 48 4
30 13 14
30 37 19
30 44 14
31 11 7
31 18 16
31 21 16
31 27 15
32 0 1
32 12 3
32 17 19
32 22 8
33 0 19
33 0 10
33 4 8
33 21 14
34 10 1
34 23 4
34 32 20
34 43 5
35 12 4
35 14 20
35 39 6
35 42 7
36 14 13
36 19 6
36 27 9
36 46 8
37 8 3
37 12 15
37 46 5
37 46 19
38 25 2
38 30 20
38 34 12
38 43 19
39 1 20
39 2 2
39 10 1
39 12 18
40 8 11
40 24 5
40 28 5
40 40 8
41 0 10
41 1 8
41 16 11
41 34 14
42 3 3
42 16 15
42 29 3
42 39 17
43 29 16
43 38 10
43 39 1
43 43 7
44 7 7
44 17 7
44 41 1
44 41 9
45 10 15
45 15 7
45 25 17
45 48 9
46 5 3
46 8 9
46 18 11
46 38 9
47 5 13
47 10 1
47 33 18
47 45 10
48 24 11
48 31 1
48 33 17
48 44 11
49 4 7
49 6 1
49 35 16
49 40 6.
