200
0
199
0 5 -5
0 72 -5
0 83 -2
0 110 -4
0 125 -1
0 163 -8
0 173 3
0 190 5
0 191 5
0 197 10
1 29 5
1 88 10
1 92 10
1 102 -1
1 112 -4
1 113 -1
1 130 -9
1 147 5
1 179 4
1 190 0
2 16 0
2 35 5
2 73 3
2 116 1
2 122 8
2 125 -9
2 127 -8
2 132 10
2 154 7
2 198 8
3 14 -3
3 32 2
3 67 10
3 74 1
3 78 9
3 93 -3
3 109 -3
3 145 -9
3 170 8
3 178 1
4 14 3
4 15 -8
4 75 -6
4 99 -9
4 105 8
4 124 0
4 138 3
4 151 5
4 153 0
4 190 6
5 3 -1
5 43 -9
5 57 9
5 63 0
5 115 7
5 118 0
5 135 9
5 161 6
5 170 3
5 177 7
6 31 0
6 45 8
6 58 4
6 59 -4
6 70 8
6 95 8
6 98 3
6 103 6
6 134 -1
6 160 9
7 18 7
7 26 2
7 40 0
7 55 -2
7 94 7
7 105 8
7 108 -8
7 156 -3
7 176 0
7 188 -1
8 24 2
8 47 1
8 56 6
8 65 -6
8 88 3
8 89 5
8 90 -2
8 141 -2
8 159 1
8 171 -7
9 16 0
9 23 -6
9 24 -1
9 113 -4
9 149 -4
9 159 0
9 167 6
9 188 8
9 189 3
9 193 10
10 33 -8
10 38 -9
10 43 0
10 46 7
10 47 6
10 53 -4
10 74 -8
10 87 -8
10 164 10
10 169 9
11 51 7
11 61 0
11 63 2
11 70 0
11 91 6
11 141 5
11 158 -6
11 164 8
11 180 -7
11 182 6
12 13 -3
12 27 7
12 46 9
12 89 0
12 102 7
12 111 -6
12 140 -7
12 147 0
12 169 2
12 187 0
13 4 -4
13 31 -3
13 44 0
13 61 0
13 66 -6
13 167 4
13 173 -7
13 186 4
13 196 -7
13 197 0
14 25 -8
14 36 9
14 49 7
14 69 -9
14 75 -4
14 97 -6
14 144 -4
14 147 10
14 160 0
14 184 -9
15 7 10
15 48 0
15 55 0
15 57 -5
15 93 7
15 96 5
15 105 -2
15 112 -9
15 178 6
15 195 7
16 1 10
16 25 -1
16 29 -1
16 70 3
16 106 0
16 110 0
16 112 7
16 133 -7
16 166 0
16 184 10
17 4 -6
17 13 0
17 32 7
17 68 7
17 113 -8
17 148 5
17 152 0
17 169 1
17 176 0
17 188 -9
18 3 5
18 45 0
18 62 9
18 65 -7
18 70 -4
18 109 8
18 116 -9
18 146 -7
18 162 10
18 168 0
19 26 -5
19 28 9
19 42 1
19 53 -4
19 54 -1
19 60 3
19 83 -6
19 123 -3
19 156 3
19 160 8
20 9 1
20 21 -2
20 41 7
20 56 3
20 69 0
20 88 1
20 141 9
20 144 9
20 159 -3
20 169 0
21 16 2
21 34 9
21 68 9
21 79 1
21 96 -1
21 116 -3
21 141 10
21 148 -2
21 184 5
21 186 5
22 4 -5
22 5 -4
22 49 -4
22 82 -9
22 84 6
22 93 9
22 103 -4
22 129 -1
22 138 6
22 153 -9
23 13 -5
23 19 -8
23 52 2
23 57 -5
23 81 10
23 118 4
23 146 0
23 147 1
23 149 1
23 173 0
24 2 -5
24 22 4
24 52 6
24 71 0
24 86 7
24 106 6
24 114 1
24 148 -3
24 171 7
24 172 10
25 0 6
25 30 -3
25 42 -9
25 51 4
25 74 0
25 78 -2
25 104 6
25 142 -3
25 163 -4
25 172 0
26 3 -5
26 15 8
26 28 4
26 36 2
26 126 10
26 129 -6
26 148 -5
26 149 1
26 175 7
26 186 -3
27 2 7
27 31 6
27 98 -7
27 108 -2
27 118 7
27 131 6
27 140 -2
27 147 0
27 172 -6
27 181 2
28 0 0
28 4 0
28 69 9
28 146 9
28 148 9
28 157 -8
28 176 3
28 187 -1
28 193 8
28 196 -5
29 14 7
29 36 9
29 39 -7
29 83 1
29 92 -5
29 95 1
29 153 5
29 183 3
29 184 -3
29 189 10
30 9 -9
30 11 -6
30 47 2
30 55 -5
30 67 10
30 70 1
30 126 2
30 134 4
30 143 -3
30 182 -4
31 2 3
31 9 3
31 16 -8
31 33 -1
31 45 7
31 79 6
31 90 0
31 96 -5
31 169 1
31 171 -5
32 8 -1
32 68 6
32 73 0
32 77 6
32 106 -2
32 119 8
32 127 3
32 138 0
32 144 0
32 196 -3
33 5 5
33 37 10
33 45 1
33 76 9
33 95 9
33 97 -9
33 111 3
33 114 -2
33 172 4
33 187 0
34 17 10
34 18 0
34 50 -8
34 62 8
34 98 3
34 100 -7
34 129 2
34 141 -6
34 164 3
34 196 -9
35 6 -1
35 34 -2
35 40 9
35 60 -4
35 72 -4
35 75 6
35 112 -5
35 119 -7
35 165 -2
35 196 -4
36 1 -5
36 12 -8
36 14 -6
36 24 9
36 42 8
36 52 1
36 73 -7
36 101 4
36 175 3
36 177 0
37 3 -6
37 8 5
37 61 0
37 64 -5
37 92 5
37 107 -2
37 111 0
37 127 -6
37 136 2
37 194 3
38 42 8
38 84 -1
38 124 -5
38 133 6
38 154 5
38 160 0
38 165 -5
38 180 4
38 185 6
38 186 0
39 21 2
39 28 0
39 36 -2
39 54 0
39 86 -7
39 88 1
39 113 -3
39 119 -5
39 120 8
39 171 0
40 13 7
40 21 7
40 47 0
40 92 -1
40 98 -5
40 101 1
40 131 0
40 142 6
40 152 -8
40 179 -5
41 3 2
41 7 4
41 59 -3
41 77 4
41 84 6
41 86 -5
41 91 0
41 98 -8
41 118 0
41 121 -1
42 15 7
42 36 4
42 52 -4
42 56 -2
42 73 -6
42 95 2
42 130 7
42 139 10
42 167 0
42 196 -7
43 6 -1
43 7 -2
43 48 4
43 76 -7
43 81 -1
43 90 8
43 120 -7
43 152 -5
43 174 0
44 27 4
44 56 -9
44 59 -7
44 74 5
44 131 -8
44 134 4
44 136 0
44 155 -1
44 190 -9
44 191 2
45 7 -4
45 10 -5
45 19 -2
45 22 3
45 77 8
45 81 -7
45 85 -8
45 104 -4
45 118 0
45 145 4
46 48 -3
46 60 -2
46 65 9
46 76 1
46 96 9
46 100 9
46 141 0
46 150 1
46 163 7
46 195 4
47 9 -5
47 19 0
47 34 8
47 43 0
47 88 -3
47 133 4
47 168 10
47 181 0
47 186 9
47 197 0
48 11 -3
48 27 3
48 31 9
48 52 -1
48 90 7
48 93 -3
48 97 1
48 154 0
48 164 -6
48 181 -3
49 51 -2
49 52 -1
49 93 -1
49 97 -4
49 105 6
49 143 3
49 144 -3
49 164 5
49 172 1
49 185 -9
50 11 -1
50 16 5
50 19 -9
50 33 -7
50 71 4
50 75 4
50 101 10
50 118 -1
50 150 8
50 159 0
51 10 1
51 25 2
51 42 1
51 49 -6
51 90 -5
51 99 5
51 151 -4
51 155 2
51 172 -3
51 194 9
52 9 2
52 26 -8
52 31 -2
52 45 5
52 49 8
52 53 9
52 58 -8
52 161 -4
52 168 7
52 190 -1
53 59 10
53 71 -7
53 85 1
53 104 -9
53 107 -3
53 110 6
53 142 -4
53 146 7
53 161 -7
53 172 2
54 29 -8
54 58 7
54 74 -5
54 87 0
54 99 -7
54 103 -6
54 128 2
54 136 -5
54 162 4
54 163 9
55 7 2
55 16 10
55 70 6
55 72 6
55 73 10
55 84 0
55 86 -9
55 92 -2
55 101 10
55 156 -9
56 17 -9
56 19 8
56 49 -8
56 54 10
56 73 10
56 116 5
56 177 1
56 179 9
56 185 1
56 195 -2
57 4 1
57 30 6
57 51 6
57 119 -1
57 143 7
57 149 -7
57 163 8
57 174 -5
57 176 -5
57 197 -4
58 0 -6
58 3 7
58 57 2
58 61 7
58 116 8
58 127 0
58 134 1
58 141 10
58 168 -6
58 184 -7
59 8 2
59 24 -4
59 45 -1
59 47 9
59 49 -2
59 82 2
59 107 -2
59 127 -2
59 154 6
59 157 1
60 6 3
60 58 1
60 63 -8
60 99 -1
60 114 6
60 115 -8
60 121 0
60 158 7
60 174 4
60 191 4
61 10 -9
61 65 1
61 71 0
61 85 5
61 88 3
61 91 0
61 119 -1
61 137 8
61 139 0
61 198 0
62 12 -5
62 25 -1
62 31 7
62 60 0
62 68 -8
62 89 7
62 114 2
62 139 4
62 177 -2
62 179 5
63 10 0
63 30 -9
63 50 5
63 53 -1
63 68 -3
63 69 10
63 80 0
63 91 -2
63 191 9
64 37 8
64 40 -6
64 66 5
64 72 -2
64 102 3
64 128 7
64 174 9
64 181 4
64 187 8
64 195 6
65 7 -2
65 23 3
65 25 5
65 74 -3
65 83 5
65 103 0
65 132 8
65 148 -8
65 169 -8
65 196 -6
66 38 -3
66 78 -8
66 90 4
66 108 0
66 115 -8
66 131 1
66 145 8
66 150 4
66 156 8
66 191 9
67 17 1
67 39 2
67 44 -9
67 48 -7
67 63 0
67 94 0
67 101 -3
67 119 -6
67 162 9
67 169 4
68 23 -2
68 31 7
68 44 -6
68 69 7
68 70 -2
68 95 1
68 114 9
68 120 9
68 128 -8
68 136 -8
69 97 -3
69 115 10
69 117 8
69 122 -1
69 125 7
69 132 9
69 137 1
69 149 -4
69 160 4
69 185 -2
70 16 -1
70 63 -6
70 78 3
70 80 2
70 107 -7
70 111 6
70 119 0
70 130 0
70 183 10
70 193 6
71 7 7
71 23 4
71 64 -3
71 75 1
71 86 3
71 144 -4
71 150 9
71 160 4
71 189 0
71 198 0
72 6 -7
72 46 -5
72 52 5
72 58 4
72 67 2
72 78 0
72 113 -6
72 127 7
72 135 9
72 193 5
73 31 5
73 44 1
73 69 -1
73 77 0
73 80 5
73 99 -5
73 137 8
73 144 -9
73 148 4
73 183 -5
74 27 4
74 30 -1
74 46 3
74 79 -5
74 86 -2
74 89 1
74 91 0
74 109 0
74 121 0
74 195 1
75 6 0
75 16 -5
75 57 8
75 110 -6
75 115 6
75 136 -1
75 145 -8
75 163 4
75 174 4
75 192 -4
76 5 6
76 27 9
76 37 7
76 41 5
76 66 -1
76 81 9
76 93 8
76 120 4
76 137 0
76 195 1
77 5 -7
77 18 -3
77 46 -1
77 103 2
77 120 3
77 166 -1
77 170 -2
77 177 2
77 182 -8
77 195 0
78 22 -8
78 24 7
78 52 1
78 58 -7
78 125 1
78 138 0
78 154 -6
78 155 -5
78 164 0
78 183 -6
79 27 -4
79 54 9
79 87 2
79 95 -6
79 100 5
79 101 -3
79 121 3
79 136 -6
79 150 6
79 157 2
80 1 6
80 19 -1
80 28 -7
80 85 -8
80 92 -7
80 94 1
80 96 6
80 107 -9
80 186 10
80 189 5
81 31 -9
81 61 8
81 78 -8
81 89 -2
81 120 -3
81 128 5
81 142 9
81 144 4
81 161 2
81 171 3
82 18 2
82 50 3
82 53 -8
82 69 -1
82 75 -7
82 117 -1
82 124 9
82 130 0
82 156 3
82 161 10
83 0 5
83 5 6
83 20 0
83 47 -3
83 48 10
83 51 1
83 65 -4
83 108 -7
83 153 1
83 181 -4
84 43 3
84 97 -9
84 108 3
84 112 9
84 128 -2
84 140 10
84 163 -4
84 169 -1
84 189 10
84 196 10
85 7 -2
85 11 -1
85 28 -6
85 44 -2
85 79 -3
85 124 -5
85 149 -3
85 154 -7
85 158 5
85 185 10
86 10 6
86 14 8
86 17 5
86 25 1
86 50 -5
86 53 6
86 68 6
86 144 -4
86 155 0
86 193 0
87 41 7
87 64 -8
87 96 6
87 110 5
87 126 3
87 129 5
87 152 2
87 165 -5
87 192 -1
87 194 0
88 35 5
88 66 -6
88 72 -5
88 77 -2
88 81 -4
88 111 2
88 147 -3
88 178 0
88 187 4
88 188 0
89 29 -9
89 38 6
89 67 3
89 76 0
89 87 0
89 105 3
89 106 7
89 109 -1
89 158 8
89 191 8
90 16 -7
90 26 -8
90 33 -9
90 48 9
90 98 -2
90 109 -8
90 133 -3
90 160 4
90 183 3
90 190 10
91 2 5
91 25 0
91 33 2
91 66 -6
91 90 3
91 103 -9
91 118 4
91 127 4
91 167 10
92 21 -8
92 39 -1
92 62 0
92 74 9
92 87 0
92 111 2
92 114 7
92 143 0
92 176 -6
92 194 8
93 5 9
93 9 -9
93 28 0
93 35 2
93 37 -7
93 83 3
93 86 -5
93 97 -9
93 168 3
93 191 8
94 3 2
94 11 -5
94 21 9
94 44 3
94 53 -9
94 90 3
94 111 6
94 112 -3
94 154 -9
94 188 4
95 21 -1
95 22 -2
95 61 4
95 92 2
95 163 2
95 171 -9
95 179 9
95 184 -9
95 192 5
95 193 5
96 12 3
96 22 2
96 50 -1
96 80 6
96 81 -8
96 93 5
96 122 -5
96 132 9
96 149 3
96 181 -3
97 14 -4
97 23 -7
97 78 6
97 85 -7
97 100 -7
97 145 -6
97 157 1
97 158 6
97 159 8
97 186 8
98 41 0
98 112 -5
98 130 7
98 137 -4
98 143 -2
98 160 5
98 166 10
98 187 -4
98 188 7
98 194 3
99 5 7
99 11 -7
99 38 0
99 50 9
99 55 7
99 58 0
99 157 -8
99 170 0
99 193 4
99 194 0
100 8 8
100 88 0
100 105 7
100 134 0
100 146 -8
100 153 -5
100 178 0
100 180 -1
100 192 2
100 198 -1
101 7 7
101 18 -5
101 46 -4
101 65 -2
101 124 -1
101 126 3
101 128 -2
101 137 -1
101 159 9
101 195 -7
102 0 5
102 15 0
102 23 1
102 76 -6
102 113 1
102 124 9
102 125 9
102 128 6
102 148 -4
102 166 -6
103 25 6
103 43 -4
103 67 -7
103 104 5
103 138 -8
103 153 8
103 158 -6
103 170 -9
103 172 2
103 185 5
104 10 0
104 13 -8
104 14 -6
104 45 0
104 63 -9
104 82 2
104 133 -9
104 142 -2
104 182 -2
104 184 -6
105 12 8
105 28 -7
105 35 2
105 40 6
105 71 9
105 74 2
105 94 -1
105 97 8
105 129 1
105 142 10
106 37 3
106 42 -8
106 43 9
106 51 -3
106 59 5
106 123 9
106 143 -4
106 168 6
106 178 -2
106 191 8
107 13 -7
107 28 1
107 49 3
107 56 -4
107 68 0
107 123 -5
107 165 -2
107 167 -6
107 187 3
107 197 -8
108 0 1
108 19 0
108 40 5
108 46 10
108 70 -7
108 90 -9
108 93 10
108 94 -9
108 98 0
108 183 9
109 12 4
109 76 -3
109 118 5
109 122 0
109 128 10
109 130 3
109 151 -7
109 165 -1
109 192 1
109 194 -9
110 31 -3
110 50 -4
110 79 -3
110 81 -2
110 83 -5
110 104 5
110 130 5
110 155 -2
110 166 7
110 180 -1
111 3 10
111 13 -8
111 30 3
111 52 9
111 67 7
111 84 9
111 131 4
111 162 7
111 197 2
112 2 6
112 11 10
112 56 -5
112 73 -8
112 82 4
112 102 -2
112 120 -3
112 131 6
112 136 2
112 165 2
113 19 -3
113 32 9
113 39 9
113 40 7
113 51 -9
113 54 -9
113 75 7
113 145 9
113 152 -6
113 166 1
114 28 1
114 33 5
114 37 2
114 66 2
114 102 -7
114 113 -4
114 146 -5
114 154 -6
114 176 -1
114 185 -6
115 40 9
115 41 9
115 42 -9
115 55 3
115 82 7
115 89 -3
115 95 6
115 168 -8
115 173 10
115 195 -4
116 6 -8
116 100 -3
116 105 -8
116 107 10
116 122 -3
116 123 10
116 133 -3
116 161 -8
116 174 0
116 198 -7
117 19 -8
117 54 -2
117 96 8
117 102 1
117 116 -6
117 149 8
117 157 -1
117 169 5
117 176 -2
118 11 -6
118 32 7
118 55 9
118 79 -3
118 80 9
118 112 7
118 116 -9
118 134 -6
118 149 -9
118 197 -2
119 40 5
119 45 -3
119 51 -4
119 57 6
119 75 10
119 97 5
119 100 0
119 125 0
119 165 -2
119 170 8
120 9 1
120 17 10
120 64 0
120 67 1
120 129 -5
120 134 4
120 142 6
120 152 0
120 171 -4
120 186 7
121 18 0
121 37 0
121 68 -6
121 69 8
121 114 -6
121 125 -4
121 127 7
121 156 -9
121 157 -6
121 161 5
122 13 3
122 60 -1
122 89 9
122 103 6
122 110 5
122 131 2
122 152 7
122 167 -1
122 184 -4
122 198 7
123 1 8
123 14 -1
123 30 2
123 49 6
123 54 9
123 74 0
123 105 3
123 136 4
123 151 -8
123 155 3
124 10 10
124 15 0
124 34 -4
124 37 10
124 81 -2
124 87 7
124 122 1
124 126 1
124 166 8
124 179 5
125 39 -1
125 46 -4
125 87 8
125 109 0
125 115 -2
125 117 -2
125 162 8
125 175 -5
125 179 2
125 193 -5
126 0 5
126 2 -5
126 7 3
126 35 0
126 55 -4
126 91 -4
126 96 -5
126 106 2
126 138 10
126 174 -5
127 1 -7
127 5 -6
127 42 -6
127 44 -9
127 59 -6
127 60 1
127 118 -4
127 133 -4
127 135 2
127 182 0
128 8 0
128 24 6
128 73 -5
128 121 2
128 124 0
128 132 -2
128 159 -8
128 164 -7
128 180 8
129 2 -9
129 12 6
129 29 10
129 34 0
129 36 5
129 45 3
129 57 0
129 84 3
129 96 -6
129 191 4
130 1 7
130 15 -5
130 16 4
130 77 -2
130 106 5
130 110 -5
130 113 3
130 135 4
130 155 -7
130 162 1
131 9 -8
131 26 -2
131 36 1
131 78 6
131 99 -4
131 104 2
131 135 0
131 136 -4
131 145 0
131 183 6
132 25 -1
132 53 8
132 61 -4
132 79 -5
132 82 0
132 83 -6
132 101 0
132 107 0
132 156 1
132 167 1
133 20 4
133 38 0
133 46 -7
133 48 5
133 56 -4
133 62 0
133 84 10
133 87 -7
133 117 5
133 179 -9
134 41 6
134 42 0
134 87 -4
134 103 2
134 117 4
134 126 9
134 130 2
134 137 9
134 146 3
134 177 0
135 4 2
135 8 -8
135 32 9
135 53 6
135 86 -8
135 109 -9
135 117 8
135 132 3
135 137 9
135 182 -6
136 20 -8
136 24 5
136 44 5
136 98 -7
136 104 0
136 106 1
136 110 -8
136 126 9
136 166 -4
136 173 5
137 11 -5
137 14 0
137 61 0
137 63 5
137 67 8
137 134 0
137 138 -3
137 148 5
137 157 10
137 186 0
138 22 -8
138 63 -1
138 115 0
138 120 -8
138 151 3
138 157 -4
138 162 10
138 177 -4
138 178 10
138 192 -7
139 20 8
139 49 7
139 97 -4
139 112 -3
139 116 -8
139 118 10
139 140 -6
139 147 -4
139 174 -1
139 189 9
140 33 0
140 34 -1
140 44 0
140 47 7
140 71 7
140 116 -2
140 129 -6
140 170 -8
140 183 10
140 184 -8
141 20 -1
141 27 -3
141 30 9
141 32 -6
141 54 10
141 62 -4
141 66 7
141 95 -2
141 165 8
141 181 5
142 32 -2
142 34 0
142 42 -9
142 60 4
142 70 -6
142 75 -7
142 99 6
142 132 1
142 192 -2
142 197 1
143 29 -2
143 50 1
143 56 -8
143 69 3
143 77 -5
143 82 -9
143 114 7
143 124 -1
143 128 6
143 183 -2
144 38 -3
144 80 5
144 85 -4
144 91 5
144 98 -1
144 104 10
144 107 1
144 132 7
144 152 -3
144 162 2
145 6 -2
145 12 7
145 14 -9
145 19 1
145 26 10
145 34 -1
145 91 -2
145 105 -1
145 114 8
145 147 2
146 8 1
146 21 -2
146 76 7
146 81 -2
146 84 -9
146 107 8
146 108 10
146 117 3
146 144 1
146 176 9
147 17 -7
147 28 -5
147 73 -3
147 101 -5
147 102 7
147 115 9
147 156 -8
147 168 2
147 198 -4
148 4 3
148 8 5
148 51 6
148 99 -8
148 103 -9
148 108 0
148 129 0
148 131 10
148 139 6
148 154 3
149 2 -6
149 22 -7
149 40 -7
149 51 -5
149 87 8
149 123 7
149 138 -8
149 163 -2
149 188 0
150 20 5
150 29 -1
150 63 -5
150 72 -6
150 84 0
150 141 -9
150 155 -1
150 158 9
150 174 2
150 193 0
151 17 -8
151 25 -7
151 30 0
151 121 -9
151 146 -6
151 162 -7
151 177 5
151 180 4
151 185 0
151 190 -7
152 23 3
152 35 8
152 50 1
152 59 -9
152 83 8
152 105 6
152 109 -2
152 121 7
152 171 8
153 2 7
153 9 0
153 77 0
153 121 -5
153 143 7
153 175 -2
153 178 6
153 179 8
153 185 -9
153 190 8
154 26 5
154 30 2
154 34 -6
154 41 -5
154 83 -7
154 94 5
154 100 9
154 129 8
154 135 -3
154 140 -1
155 0 2
155 26 -3
155 57 4
155 98 -1
155 117 -7
155 147 -6
155 150 -4
155 167 -6
155 176 1
155 180 0
156 0 -5
156 3 -6
156 22 4
156 41 -6
156 70 8
156 103 4
156 175 -8
156 178 -3
156 182 5
156 197 6
157 66 4
157 74 -9
157 85 -3
157 108 0
157 131 10
157 132 -3
157 137 3
157 181 -5
157 194 -2
158 6 -2
158 30 -5
158 35 2
158 72 8
158 86 -8
158 143 2
158 150 -3
158 151 1
158 161 -4
158 175 9
159 72 -4
159 83 -8
159 89 3
159 93 -5
159 113 3
159 116 2
159 123 5
159 131 1
159 153 -3
159 188 9
160 4 10
160 39 9
160 48 10
160 59 5
160 65 8
160 71 8
160 124 4
160 135 0
160 164 -4
160 170 -7
161 80 1
161 86 0
161 122 3
161 126 -4
161 135 9
161 141 -7
161 153 7
161 156 4
161 158 -7
161 192 -6
162 2 -1
162 21 0
162 39 9
162 60 9
162 123 1
162 134 0
162 137 -6
162 166 10
162 170 -5
162 175 -5
163 1 7
163 11 -8
163 15 6
163 18 4
163 24 -2
163 29 4
163 75 -5
163 111 -6
163 143 0
163 187 -7
164 22 2
164 37 0
164 41 -5
164 53 -5
164 65 -9
164 85 -7
164 122 0
164 132 -5
164 144 3
164 197 -6
165 8 9
165 40 6
165 45 -4
165 47 -6
165 58 9
165 73 -4
165 126 -8
165 129 -6
165 130 -3
165 150 -7
166 6 3
166 26 5
166 29 -4
166 61 -6
166 100 -6
166 140 0
166 158 -6
166 164 -7
166 165 6
166 183 2
167 10 3
167 67 -6
167 71 0
167 110 -6
167 113 8
167 119 5
167 173 7
167 175 -7
167 177 3
167 180 8
168 8 4
168 17 -3
168 20 -6
168 23 7
168 35 10
168 36 -3
168 106 2
168 147 -1
168 164 6
168 187 -9
169 10 1
169 18 -2
169 36 3
169 39 9
169 112 -6
169 119 10
169 124 4
169 125 5
169 127 7
169 151 2
170 4 -9
170 52 1
170 64 4
170 84 4
170 121 4
170 138 -1
170 139 -5
170 140 1
170 159 4
170 182 -7
171 43 -7
171 47 -3
171 62 -9
171 63 3
171 82 8
171 88 -9
171 109 6
171 139 10
171 177 0
171 182 4
172 1 -6
172 22 1
172 32 7
172 48 3
172 72 6
172 108 1
172 133 0
172 171 10
172 194 2
172 198 -4
173 15 5
173 47 3
173 64 -8
173 109 -1
173 121 1
173 130 9
173 139 -7
173 153 5
173 167 7
173 194 6
174 15 2
174 35 7
174 57 -1
174 65 6
174 88 -2
174 92 -8
174 102 -7
174 104 10
174 110 -8
174 165 -1
175 38 3
175 43 6
175 78 -2
175 101 -5
175 114 3
175 123 -3
175 126 -8
175 140 -1
175 159 0
175 192 -3
176 17 0
176 21 -6
176 38 5
176 55 8
176 91 -3
176 100 -2
176 102 1
176 125 7
176 189 8
176 191 3
177 5 -4
177 64 5
177 66 -7
177 101 -2
177 102 10
177 139 -6
177 145 3
177 160 -8
177 171 -9
177 190 0
178 23 8
178 35 1
178 48 2
178 58 6
178 59 9
178 111 0
178 175 3
178 182 0
178 184 -8
178 188 7
179 18 -2
179 39 5
179 66 -6
179 94 1
179 107 8
179 115 10
179 142 9
179 152 -7
179 173 -6
179 195 0
180 1 2
180 3 4
180 12 -3
180 67 -2
180 76 -3
180 80 9
180 94 -7
180 123 -5
180 157 -1
180 173 -6
181 43 -5
181 55 -8
181 62 -2
181 68 5
181 125 2
181 139 -5
181 149 -5
181 167 6
181 179 -2
181 189 0
182 10 7
182 13 3
182 68 -4
182 79 -5
182 140 0
182 151 -2
182 155 -5
182 173 -9
182 178 10
182 181 -1
183 24 1
183 54 8
183 62 3
183 72 8
183 80 9
183 108 -6
183 111 -8
183 170 0
183 175 -8
183 180 7
184 1 0
184 9 -8
184 46 6
184 58 2
184 79 5
184 81 -4
184 92 2
184 135 0
184 163 9
184 193 4
185 23 10
185 34 -5
185 60 0
185 62 0
185 76 -5
185 77 3
185 85 5
185 136 2
185 142 1
185 154 1
186 13 5
186 15 6
186 32 -7
186 36 0
186 38 -9
186 71 -2
186 119 -6
186 122 -4
186 160 3
186 181 10
187 18 -7
187 27 -3
187 64 8
187 78 -4
187 82 5
187 117 3
187 122 2
187 139 -5
187 186 -3
187 196 4
188 37 -9
188 43 0
188 50 -6
188 71 9
188 115 -1
188 120 10
188 153 9
188 161 5
188 169 7
188 178 8
189 20 -7
189 62 4
189 82 -2
189 94 -6
189 100 5
189 117 9
189 128 -2
189 148 -4
189 150 8
189 174 2
190 27 1
190 56 7
190 76 0
190 88 0
190 123 -3
190 133 -3
190 135 -9
190 152 -9
190 162 -9
190 185 -4
191 21 -2
191 60 -2
191 89 -8
191 91 8
191 99 -3
191 104 -4
191 120 7
191 158 4
191 168 -3
191 180 -9
192 27 -1
192 59 -4
192 64 -9
192 94 3
192 134 2
192 138 0
192 141 4
192 172 8
192 187 3
192 188 9
193 20 10
193 26 7
193 33 -2
193 61 -6
193 89 -6
193 93 1
193 106 -1
193 142 0
193 155 -6
193 198 4
194 29 -1
194 56 1
194 64 10
194 85 6
194 133 -2
194 145 10
194 159 1
194 166 1
194 172 -3
194 198 4
195 0 7
195 12 5
195 24 -9
195 33 3
195 65 7
195 80 -8
195 92 5
195 95 9
195 151 9
195 192 7
196 12 -1
196 33 9
196 44 0
196 57 -8
196 77 1
196 106 1
196 127 5
196 140 -4
196 146 2
196 173 -9
197 4 1
197 69 9
197 95 -4
197 96 -6
197 143 0
197 145 10
197 146 7
197 161 0
197 189 -7
197 196 4
198 6 -9
198 17 3
198 20 6
198 39 0
198 79 0
198 90 -5
198 150 -3
198 156 -6
198 168 -9
198 189 0
199 32 -7
199 38 -4
199 41 -6
199 49 1
199 54 10
199 55 0
199 99 -9
199 151 10
199 176 7
199 190 -6.
