100
0
99
0 7 13
0 53 7
0 84 11
0 84 3
0 98 7
1 26 15
1 39 10
1 40 16
1 41 15
1 53 20
2 40 7
2 52 17
2 56 11
2 71 11
2 94 12
3 6 3
3 9 19
3 59 6
3 65 1
3 88 13
4 4 13
4 16 3
4 49 12
4 74 14
4 90 3
5 21 20
5 30 11
5 32 5
5 41 5
5 81 9
6 12 17
6 57 15
6 66 7
6 68 3
6 79 9
7 19 5
7 85 20
7 87 15
7 91 17
7 99 2
8 40 11
8 51 18
8 53 19
8 55 1
8 58 17
9 22 14
9 33 7
9 49 16
9 56 6
9 79 12
10 22 20
10 29 19
10 33 4
10 81 12
10 96 18
11 0 16
11 3 10
11 31 1
11 40 14
11 60 20
12 5 3
12 62 7
12 81 13
12 86 17
12 96 19
13 14 16
13 25 9
13 45 15
13 57 11
13 61 2
14 9 18
14 14 20
14 20 19
14 25 11
14 45 6
15 13 7
15 18 16
15 44 3
15 54 3
15 77 11
16 8 11
16 44 6
16 70 4
16 78 6
16 97 1
17 21 4
17 37 4
17 88 5
17 94 15
17 98 10
18 14 17
18 35 15
18 38 4
18 65 7
18 79 3
19 8 4
19 27 13
19 52 1
19 75 17
19 81 13
20 1 3
20 28 11
20 52 1
20 54 17
20 96 12
21 12 2
21 33 13
21 44 2
21 55 18
21 92 7
22 11 2
22 29 9
22 60 20
22 84 6
22 93 7
23 32 12
23 67 4
23 73 20
23 78 18
23 89 13
24 2 5
24 82 20
24 88 4
24 90 19
24 91 1
25 6 18
25 27 8
25 28 18
25 32 12
25 32 4
26 6 16
26 39 20
26 76 6
26 80 1
26 97 17
27 7 20
27 34 17
27 46 11
27 88 14
27 97 16
28 8 7
28 10 15
28 11 15
28 62 11
28 72 1
29 4 3
29 13 14
29 21 9
29 37 16
29 82 1
30 20 11
30 23 4
30 33 12
30 38 10
30 63 9
31 23 2
31 42 7
31 70 14
31 75 4
31 90 1
32 19 12
32 51 3
32 88 20
32 92 13
32 94 8
33 0 19
33 1 12
33 39 18
33 55 2
33 98 10
34 36 5
34 56 20
34 73 11
34 85 9
34 93 10
35 12 5
35 50 12
35 59 12
35 79 4
35 86 10
36 9 12
36 10 5
36 31 18
36 35 6
36 57 7
37 24 3
37 47 18
37 73 13
37 86 7
37 98 9
38 12 10
38 16 9
38 67 13
38 82 17
38 98 20
39 24 6
39 64 7
39 69 20
39 77 11
39 83 19
40 10 6
40 17 5
40 26 8
40 32 7
40 87 5
41 47 6
41 51 8
41 69 10
41 72 4
41 91 13
42 0 13
42 34 19
42 39 20
42 66 17
42 84 9
43 3 2
43 46 2
43 74 3
43 80 7
43 87 9
44 11 1
44 18 11
44 42 5
44 85 12
44 91 20
45 7 11
45 9 9
45 14 19
45 95 12
45 96 4
46 5 17
46 14 9
46 43 20
46 62 18
46 66 2
47 1 5
47 28 16
47 30 13
47 56 6
47 61 4
48 6 15
48 19 4
48 33 1
48 43 17
48 68 11
49 7 20
49 44 6
49 49 10
49 68 11
49 70 13
50 16 18
50 70 12
50 71 8
50 83 5
50 97 12
51 4 2
51 38 5
51 63 2
51 77 3
51 91 16
52 10 5
52 17 12
52 17 5
52 26 1
52 87 5
53 22 19
53 72 9
53 79 17
53 86 11
53 95 4
54 25 10
54 50 15
54 69 14
54 70 9
54 92 5
55 2 16
55 24 16
55 46 5
55 54 16
55 96 5
56 5 15
56 15 19
56 15 14
56 82 9
56 87 7
57 8 20
57 27 12
57 52 16
57 75 8
57 83 6
58 15 15
58 28 18
58 54 13
58 83 6
58 84 1
59 1 2
59 7 2
59 34 14
59 42 14
59 74 10
60 25 14
60 30 18
60 61 17
60 64 14
60 67 14
61 3 18
61 24 7
61 56 16
61 72 1
61 95 12
62 5 18
62 30 5
62 47 13
62 58 4
62 76 4
63 23 17
63 29 16
63 29 17
63 50 7
63 80 13
64 18 10
64 24 1
64 35 18
64 43 7
64 45 1
65 19 8
65 20 7
65 68 14
65 72 13
65 93 11
66 13 19
66 34 18
66 49 8
66 58 18
66 80 20
67 11 18
67 19 18
67 47 16
67 76 11
67 99 16
68 9 9
68 23 7
68 27 9
68 51 8
68 71 18
69 15 18
69 29 4
69 36 15
69 40 6
69 67 16
70 3 5
70 60 15
70 71 18
70 80 13
70 99 8
71 11 8
71 38 20
71 45 12
71 48 12
71 54 9
72 2 14
72 13 19
72 31 11
72 48 14
72 99 7
73 20 8
73 37 3
73 61 7
73 78 1
73 95 14
74 61 14
74 71 7
74 75 14
74 85 13
74 89 5
75 28 10
75 36 14
75 37 20
75 73 17
75 93 14
76 23 17
76 34 20
76 43 9
76 55 11
76 65 19
77 4 10
77 18 14
77 37 11
77 44 6
77 63 12
78 8 15
78 16 17
78 39 13
78 58 10
78 95 20
79 18 3
79 65 16
79 69 13
79 77 6
79 99 2
80 13 5
80 31 6
80 38 14
80 48 16
80 78 10
81 51 13
81 66 16
81 74 6
81 76 5
81 92 8
82 2 17
82 12 14
82 63 10
82 64 3
82 68 19
83 16 16
83 21 6
83 25 1
83 53 10
83 83 19
84 0 13
84 21 8
84 47 18
84 76 18
84 86 8
85 0 3
85 48 19
85 62 6
85 81 8
85 93 3
86 31 17
86 36 5
86 65 13
86 90 6
86 94 9
87 2 9
87 20 16
87 43 10
87 67 19
87 73 15
88 1 11
88 3 7
88 6 14
88 82 1
88 90 7
89 22 17
89 36 17
89 41 12
89 42 5
89 64 7
90 10 2
90 15 19
90 17 14
90 45 7
90 89 20
91 30 16
91 48 7
91 57 14
91 59 4
91 64 8
92 5 2
92 49 6
92 58 19
92 62 14
92 63 19
93 26 19
93 27 2
93 57 2
93 60 9
93 89 7
94 26 3
94 55 1
94 59 13
94 59 13
94 74 9
95 17 2
95 41 14
95 53 1
95 66 3
95 97 15
96 41 17
96 42 12
96 52 16
96 89 15
96 94 12
97 35 11
97 46 13
97 75 10
97 78 17
97 85 12
98 22 13
98 50 14
98 60 7
98 77 11
98 92 7
99 4 17
99 35 7
99 46 8
99 50 11
99 69 20.
